function map_hres = colorbar_tolnet_func()


red = zeros(1, 31);
green = zeros(1, 31);
blue = zeros(1, 31);

R = [255, 221, 187, 153, 119, 0, 0, 0, 0, 0, ...
     0, 39, 99, 163, 211, 255, 255, 255, 255, 255, ...
     255, 216, 178, 140, 102, 52, 96, 140, 184, 228];

G = [140, 111, 82, 53, 24, 0, 44, 88, 132, 175, ...
     235, 255, 255, 255, 255, 255, 207, 159, 111, 63, ...
     0, 0, 0, 0, 0, 52, 96, 140, 184, 228];

B = [255, 242, 229, 216, 203, 187, 204, 221, 238, 255, ...
     255, 215, 155, 91, 43, 0, 0, 0, 0, 0, ...
     0, 15, 31, 47, 63, 52, 96, 140, 184, 228];


red(1:30) = R(1:30);
green(1:30) = G(1:30);
blue(1:30) = B(1:30);

red(31) = 255;
green(31) = 255;
blue(31) = 255;

map = [red', green', blue']./255;
map_hres = interp1(1:31,map,linspace(1,31,256));


